390841470
877706146
441561452
331264445
534731770
164850207
518249940
623446573
606654967
359954531
256820836
267237267
226197237
143192650
455855601
736492661
740520353
741102795
90698133
669268267
619757847
772409250
892625633
703243076
296465811
464835387
953114443
846256600
398977181
312194685
78982155
246387873
786277368
694252033
665038947
953547444
948654945
70607075
706761678
45899114
277914887
439035613
448444146
164318991
575006580
603389280
674839852
704305340
131019156
344887681
411609707
599744929
426956560
651094365
343558312
368560857
665967041
111441906
6273224
80750417
992155603
434238617
783186412
92109266
408781198
212046963
605954210
315372996
194077974
342269641
56416556
96999895
336271192
70235269
628662451
190920528
88199849
433717174
32048170
758127440
824051002
798812337
828487786
442828011
750718833
519012996
479748192
667334963
520253342
301851551
365296196
948191668
91353472
997039114
57083347
799549044
354872292
744013817
17241951
776586388
237842023
141361825
462410626
425737395
17441652
36339392
894563609
32835030
710211080
415137993
667520277
118494685
518831257
696328390
804839243
57291121
285314378
878117273
390173926
425388049
286901016
373637124
713149425
96947403
461919231
598855889
303224446
15561945
173807651
950962887
474766898
555104960
60386443
150197591
156611912
701972716
50498103
739271566
616219391
143519992
775877377
844529937
667155767
355246081
248378421
113640162
350270280
398915695
86610621
375858521
64295089
6138405
693419046
108441172
522686478
146147856
490512146
169014524
326600108
877786408
820077863
758156836
565209138
984853415
568176035
237741642
439597542
419240446
358456136
206121446
115550314
966114778
933800993
929275029
58701498
905753570
816127607
252966094
703552770
403032234
527752225
401888496
248113853
512354474
216078878
283309457
217688568
374142894
768306456
698165404
608000944
695276305
755345635
140217992
871966713
999066994
610021192
238157693
817752038
955828732
924446876
136132942
237582758
375724423
537906856
444720210
814332261
122220822
709953364
378872439
398536473
669110631
961341450
388885824
224921165
541091145
615816095
739179815
673872633
445375040
246170453
20938485
207087371
974967794
788505022
614871306
656028414
383025928
657049982
29361202
821951146
158467043
467680976
980070723
348194308
135015316
373153865
494228692
688798960
121195646
687698090
841284321
258365222
881045314
35102975
893755826
474176995
450678982
529668043
448090005
406213949
16032828
217243295
75306832
588675805
579012864
120784763
238608702
300207136
913435091
143428492
357531137
609830790
774570026
372652085
987784017
503584846
620883794
615130499
393755121
435381054
452830495
19408670
586561136
224058954
680030800
982662437
799270888
826030725
698612881
27887296
979568095
17222764
144113933
285937665
362540190
554828296
440101503
557311170
787466218
144285408
639460489
281182509
747384602
82073198
148287466
345111878
803712557
731578590
549216716
90705848
861272685
907145365
276192067
772748096
416709736
852236569
350154946
404509878
530037735
214057398
724951455
7649002
268283206
332323231
632967217
711500468
3102608
10064092
285546390
614352456
657116091
436159438
720445695
759777815
817971431
793268182
777734875
658767322
876436809
342271113
172475364
146669780
273482200
160199741
956298799
400313972
932937439
418171713
7528370
928132575
761721549
112308095
117672366
630464895
634300099
281666555
313584379
680552985
740520451
652737020
562504004
820881898
282342495
466639629
611999922
580239331
797653319
894972349
210343854
234741720
170592937
440436849
198605931
554165754
604235676
606908178
870402415
953468319
734385927
436964254
741275454
775818432
446744432
571523442
434806963
503538959
883783089
946460139
8070007
954936454
219543163
663756011
154120811
613471000
357963444
611219664
921914588
716173437
86432049
985340038
762651010
811332545
626733339
65683813
64987907
670192798
318105112
156563662
288154927
350415064
166800161
774426957
80905226
237865657
100572780
421650470
265887223
63649446
510947626
772077789
885918475
30832586
788443402
922000826
57492691
66946860
754960509
166826654
277528724
112186169
994650728
452857760
224958893
267478857
750111837
490026016
607765745
487417738
61615014
211453155
361479610
365456640
848488355
595784228
952118635
375806766
511075930
952132042
113987546
688494746
805197768
346121163
634134204
605125799
928165048
487936456
287528823
338404616
921300557
524513324
128751188
908545449
416855167
655166824
951736494
179336292
554458408
95437893
160807612
122624167
883086627
329941072
292716721
631088096
760214639
961088508
244449456
502702198
883420338
656909431
711351339
733638944
18763875
903333017
767142158
995393383
693737393
576109459
824571398
237957680
384794699
944749792
574055551
390939154
892012934
913042813
303160696
235640487
886131466
371839902
930716567
871439794
372535430
277071298
142365526
305903168
110817411
991779557
587444523
85360915
479959154
805107417
963604685
21849611
607221058
507633620
210665658
589208855
337816719
244239142
893121410
766396938
288733966
681775556
838010904
677985327
697510997
311777082
109715702
920405813
125355513
394521426
247140427
15837016
644568183
955856142
927740706
14510137
232242608
725923835
773655524
560107172
457815134
269123831
375443815
173063754
284346800
830947327
143563850
687429132
598086638
23565754
684889888
567622394
630399111
572437444
877563517
106733302
735728565
991135554
989982091
171419008
98575249
540775417
483863391
755278187
370180751
529681432
16243384
982419510
506465166
692365295
645112678
704576179
224668941
126382398
175892219
99116512
4027155
795238331
683186439
807535072
424733308
542985530
618493080
256543525
840290464
235874106
406953306
486338363
248042969
777036171
933606599
500914327
625360625
553320249
472289867
373121674
537791305
859854098
342357002
744673779
378285753
187138248
334499732
681683949
558803216
214208760
981441763
1686114
599312801
519876832
392050003
960809761
272021438
526388374
385215062
820918971
591947653
739987117
137624578
451839963
375234957
652402025
875290476
970779803
744144940
890608517
622295462
363280983
927912848
178227904
989048466
615326470
666589534
172804670
427980286
997176757
654484266
575748385
961490429
386132038
866208905
889652425
589037580
423715858
912686333
362745328
619450864
939918657
197994517
321616385
588661465
534664093
857824011
476406841
36377730
283013495
776033871
928706336
252052404
606454724
987548351
68829722
692565307
914340591
706375584
294493324
449649099
141428377
997651068
163806186
1195655
879905875
839957428
776139688
5534280
454842910
497219877
350810975
212287708
3017825
454933331
939854096
758661090
50026312
461482327
443654959
953967413
632436011
903281066
334368012
955204397
395200555
694371960
139359745
272418962
682798520
988011361
6969624
927623427
850011296
977463511
127847336
92228105
58721742
729072053
726127788
883873314
748229618
337377404
534157309
217359198
911115060
411403742
499418608
386177573
809060874
441181078
801433806
303523755
65595950
503477086
452626251
184717190
951041937
740283321
778037783
475734025
124494528
498590880
787650438
185328822
276034155
161248571
998517692
567214350
515861850
52205471
747741257
624197534
463903169
646692532
110616864
463412783
246358990
49716565
427884675
168183636
225208060
97276365
596632417
599267465
683752990
104262455
715284883
278338940
79984526
572812981
343600288
712784609
839742908
960639400
579535770
162939570
824805712
915189808
710285788
868439980
82933548
478320071
238598060
720581264
109511474
364448509
818263614
116306661
336017106
414616650
215256889
526767836
800060200
895964167
240826513
356936370
402813644
762955837
190258911
442585517
702272506
729940549
974835314
966098831
940983712
230211575
893771676
367184649
666248617
362523302
245464217
239870511
394993747
15639843
861070977
292711506
617650587
798455516
540278692
138142788
18114188
281944378
636836835
531054381
319744868
595047468
582697036
342501435
270500925
338687459
412509058
419079492
447113515
213522667
882514941
572156854
898976277
31199272
794455956
956628762
540449440
368612038
534810636
564418747
914500376
284428432
148092735
759092374
855473540
484873734
632278523
295942031
595017296
625953359
271455191
76026669
264278977
620355231
693786107
325461612
111941019
164575162
274074261
611194189
468818696
570647180
832244847
869505859
695014690
679569353
340846930
436757720
702898976
574334624
698393148
871002505
655255264
568221848
515589289
639817691
722463228
339737019
723557309
695300691
837696768
660219178
331337215
470921321
115658803
201958926
740918121
617361407
943916087
99694020
933472306
718821911
495350455
657474436
654944960
872608406
523611547
424065235
41682601
588445943
706043637
112853355
607220709
640865986
528266733
16710269
681184959
125393068
30748890
729775756
566666254
437884968
606547375
896549727
387180345
232266490
901383208
448915215
104289781
127573407
353464574
668141306
36515554
519943232
293836912
885932249
688545566
480644829
434143746
707787681
799683019
824893287
11878992
695598645
732921889
850406405
177395586
668644059
983915926
818102593
359695833
213332395
612284683
449896050
407915395
437617613
742863552
471285371
522946337
106481123
510959720
27021474
297149486
732843214
157111852
870951281
304542335
96127255
827693092
314290930
435217961
166900901
646593176
719967753
620196750
241259461
332648327
779246798
729029555
782707341
200695737
997845369
379606158
102064309
61787508
321810150
698546194
268309609
265723548
549427719
966981129
971379578
780497917
19696416
458910789
936338545
397108083
899419952
963852534
866913410
358344163
469584678
303221403
830356333
422610129
452403885
794424250
425473296
794459648
9171808
838409515
242645814
427118828
396440719
47064907
466716747
459483338
789402260
807117549
810769779
394430048
492729527
687937192
936663328
611477201
525585286
791022390
374356100
39617455
464430521
455559458
765772818
35227787
802130303
208273301
587522580
133312018
553119969
306502907
455318353
350934575
477122812
610301581
591653438
763419658
94078684
109064538
128774073
223693278
618820229
284994216
103500605
432374397
353048840
225347223
166690546
970197776
281346510
536069498
693279602
535205201
337577647
667183642
543160031
228150961
183702673
500203124
153136519
239625937
992115368
45916309
941738716
893106116
912642821
544700309
553951059
780145093
900789322
416959596
47732333
527845855
690007106
577382213
969169050
898443744
809522406
509222583
851591527
260123812
54660627
312746720
203427314
129469812
990281500
298386575
983324227
771675982
1306814
175795343
918017125
397614221
734041418
60868470
640859776
933792547
637082259
910888417
85376153
974528539
124397823
907235501
688375622
627198718
558620634
645515229
989802733
306836916
698020277
338067461
652208522
625230078
544116505
666580924
786745530
555316686
311541924
939410479
932343453
593619462
542166392
260247386
631409266
238382945
53696653
743142363
814900700
573106207
147106339
61670027
91862131
663013634
810688935
86046269
895955494
412589929
608377787
26685885
591074648
276977033
459161607
864412139
137943705
560900033
986759499
154147429
125769418
359110110
604232210
36678918
59096817
607850004
183467313
332648896
745349982
523358959
117929511
862637430
564196739
670815607
420170462
952986385
735419252
744040560
628260706
238900028
152917912
751397381
306422166
580669303
50354005
152276995
750227146
101374030
610697935
57492691
50271648
709927484
109540665
210231762
624014954
102373586
438414811
401115412
313129700
351747568
80226687
2453584
991331011
300024456
700103347
378287447
991294742
613345615
268242163
498702966
501284825
256904327
95609679
724662225
701180074
856635625
609594020
557009895
970467766
605499117
330476843
503455926
366891425
883460927
983932867
653083395
671246829
292351506
637935684
883802803
45035748
433160223
856480317
420588226
555923799
188124628
537917427
484318291
218963886
372704550
942130108
905913006
548460798
168506837
10348720
274842508
663061818
284797870
195894388
853254651
742302967
910176403
598737525
289528622
411130727
248209317
53853084
784682617
872380324
614019072
496150092
524827130
874183614
300930152
865640765
764576953
9808227
280430266
43124616
799255885
125479780
707155014
845130205
210506236
205182837
144322157
97656570
265303910
237759694
589841008
84460004
